{"0_K": [[17690.997996745446, 0.0, 2180.5526424748496], [0.0, 17690.997996745446, 1414.959088035413], [0.0, 0.0, 1.0]], "0_Rt": [[0.011016914822414021, 0.9506231924535354, -0.310151855640498, 1.2952598804618674], [-0.9969850044473042, -0.013382529505255146, -0.076431726470425, 0.38712610315304957], [-0.07680838818126945, 0.31005879099533623, 0.9476096335683308, 0.25703605320451856]], "0_ori": "SSP_1.JPG", "0_sn": "344054001455", "0_width": 4344, "0_height": 2896, "0_distortion": [0.6775323336746517, -0.9786477741480991, -0.0020058699068417124, 0.00014521945940774512, -35.63463227182886], "0_match_num": 820, "0_valid": true, "1_K": [[17690.997996745446, 0.0, 1414.959088035413], [0.0, 17690.997996745446, 2163.4473575251504], [0.0, 0.0, 1.0]], "1_Rt": [[0.024791534098078525, 0.804918602074255, 0.5928671215979942, -2.730155742216799], [-0.9966529770810737, 0.0661126483373314, -0.04808285562710674, 0.2581415654759903], [-0.07789880045608306, -0.5896907339993154, 0.8038635550408116, 1.0437972757845986]], "1_ori": "SSP_10.JPG", "1_sn": "344054000909", "1_width": 2896, "1_height": 4344, "1_distortion": [0.6775323336746517, -0.9786477741480991, -0.0020058699068417124, 0.00014521945940774512, -35.63463227182886], "1_match_num": 1755, "1_valid": true, "2_K": [[17690.997996745446, 0.0, 1414.959088035413], [0.0, 17690.997996745446, 2163.4473575251504], [0.0, 0.0, 1.0]], "2_Rt": [[-0.026475128886199892, 0.8113241285811638, -0.5839967687688643, 2.560879580749377], [-0.9996174650721265, -0.016811829699808954, 0.021961008740965324, -0.05852274596889218], [0.007999442057746154, 0.584354790143933, 0.8114588641222702, 1.0170122544324627]], "2_ori": "SSP_11.JPG", "2_sn": "344054001456", "2_width": 2896, "2_height": 4344, "2_distortion": [0.6775323336746517, -0.9786477741480991, -0.0020058699068417124, 0.00014521945940774512, -35.63463227182886], "2_match_num": 571, "2_valid": true, "3_K": [[17690.997996745446, 0.0, 1414.959088035413], [0.0, 17690.997996745446, 2163.4473575251504], [0.0, 0.0, 1.0]], "3_Rt": [[0.01669679346648298, 0.8085679725068557, -0.5881658362435634, 2.601469986199098], [-0.9330813041254338, 0.22397439177946524, 0.2814156209569726, -1.2328162491857397], [0.3592777435070498, 0.5441078070228099, 0.7581993124220776, 1.5424443139902233]], "3_ori": "SSP_12.JPG", "3_sn": "344054000913", "3_width": 2896, "3_height": 4344, "3_distortion": [0.6775323336746517, -0.9786477741480991, -0.0020058699068417124, 0.00014521945940774512, -35.63463227182886], "3_match_num": 403, "3_valid": true, "4_K": [[17690.997996745446, 0.0, 1414.959088035413], [0.0, 17690.997996745446, 2163.4473575251504], [0.0, 0.0, 1.0]], "4_Rt": [[0.04264258569519426, 0.26245089255395637, 0.9640026653919894, -4.4540235713338046], [-0.9990512017183899, 0.019747412056489246, 0.03881669823816426, -0.15361043840266508], [-0.00884908075844575, -0.9647432657006231, 0.26304396030897126, 3.921146201966664]], "4_ori": "SSP_13.JPG", "4_sn": "344054000912", "4_width": 2896, "4_height": 4344, "4_distortion": [0.6775323336746517, -0.9786477741480991, -0.0020058699068417124, 0.00014521945940774512, -35.63463227182886], "4_match_num": 935, "4_valid": true, "5_K": [[17690.997996745446, 0.0, 1414.959088035413], [0.0, 17690.997996745446, 2163.4473575251504], [0.0, 0.0, 1.0]], "5_Rt": [[0.01255974140318665, -0.048331384776151086, 0.9987523868014055, -4.383319926086025], [-0.9694987152994734, 0.24391895277319392, 0.0239955310568139, 0.02792761167112577], [-0.24477437351274178, -0.9685905335711514, -0.0437936564789556, 5.472332549349055]], "5_ori": "SSP_14.JPG", "5_sn": "344054001453", "5_width": 2896, "5_height": 4344, "5_distortion": [0.6775323336746517, -0.9786477741480991, -0.0020058699068417124, 0.00014521945940774512, -35.63463227182886], "5_match_num": 371, "5_valid": true, "6_K": [[17690.997996745446, 0.0, 1414.959088035413], [0.0, 17690.997996745446, 2163.4473575251504], [0.0, 0.0, 1.0]], "6_Rt": [[0.09842423939160178, 0.27475826643504786, 0.9564625262527497, -4.347146544211375], [-0.9277163834202322, -0.32243495704445235, 0.1880904314669585, -0.6423074381718803], [0.36007635444981545, -0.9058386133861536, 0.22316232985157122, 4.383392801900565]], "6_ori": "SSP_15.JPG", "6_sn": "344054000910", "6_width": 2896, "6_height": 4344, "6_distortion": [0.6775323336746517, -0.9786477741480991, -0.0020058699068417124, 0.00014521945940774512, -35.63463227182886], "6_match_num": 646, "6_valid": true, "7_K": [[17690.997996745446, 0.0, 1414.959088035413], [0.0, 17690.997996745446, 2163.4473575251504], [0.0, 0.0, 1.0]], "7_Rt": [[0.09051270579850129, 0.247843674788117, 0.9645625759672392, -4.446971227875093], [-0.9830578441364651, 0.17724530588697185, 0.04670520980361149, -0.11729463421743316], [-0.15938859799496177, -0.9524482213792811, 0.2596876208459783, 4.006658432986084]], "7_ori": "SSP_16.JPG", "7_sn": "344054000911", "7_width": 2896, "7_height": 4344, "7_distortion": [0.6775323336746517, -0.9786477741480991, -0.0020058699068417124, 0.00014521945940774512, -35.63463227182886], "7_match_num": 1116, "7_valid": true, "8_K": [[17690.997996745446, 0.0, 1414.959088035413], [0.0, 17690.997996745446, 2163.4473575251504], [0.0, 0.0, 1.0]], "8_Rt": [[-0.0008030829722950829, 0.9999980001265136, -0.0018316115070921022, -0.030611769876458785], [-0.9999929422704211, -0.0008097986258406382, -0.0036687375937435934, -0.0010288795027031483], [-0.003670213493214068, 0.001828652279382037, 0.9999915927465367, 0.005396158926783318]], "8_ori": "SSP_17.JPG", "8_sn": "344054000914", "8_width": 2896, "8_height": 4344, "8_distortion": [0.6775323336746517, -0.9786477741480991, -0.0020058699068417124, 0.00014521945940774512, -35.63463227182886], "8_match_num": 2204, "8_valid": true, "9_K": [[17690.997996745446, 0.0, 1414.959088035413], [0.0, 17690.997996745446, 2163.4473575251504], [0.0, 0.0, 1.0]], "9_Rt": [[0.020666004834508745, 0.999776065062859, -0.004553676712946897, -0.0379630419993461], [-0.9886743531978796, 0.019758921730588425, -0.1487703207659343, 0.7940218974961292], [-0.1486470301517476, 0.007576591547025235, 0.9888612924407523, 0.15200943727290955]], "9_ori": "SSP_18.JPG", "9_sn": "344054001457", "9_width": 2896, "9_height": 4344, "9_distortion": [0.6775323336746517, -0.9786477741480991, -0.0020058699068417124, 0.00014521945940774512, -35.63463227182886], "9_match_num": 1380, "9_valid": true, "10_K": [[17690.997996745446, 0.0, 1414.959088035413], [0.0, 17690.997996745446, 2163.4473575251504], [0.0, 0.0, 1.0]], "10_Rt": [[0.05250983818989376, 0.5845737609749425, 0.8096395709653041, -3.669893539820243], [-0.9721940588323366, 0.21520645970254726, -0.0923303399398223, 0.4595176997453235], [-0.22821355977324925, -0.7822785294777728, 0.5796195937455142, 2.1936326399446453]], "10_ori": "SSP_19.JPG", "10_sn": "344054001047", "10_width": 2896, "10_height": 4344, "10_distortion": [0.6775323336746517, -0.9786477741480991, -0.0020058699068417124, 0.00014521945940774512, -35.63463227182886], "10_match_num": 781, "10_valid": true, "11_K": [[17690.997996745446, 0.0, 1414.959088035413], [0.0, 17690.997996745446, 2163.4473575251504], [0.0, 0.0, 1.0]], "11_Rt": [[-0.027227657918021078, 0.8079265990059408, -0.5886537736759979, 2.5954385699246454], [-0.9747781721800708, -0.1519477855646169, -0.16346065429726384, 0.7920025840861921], [-0.2215088478719973, 0.5693561987725285, 0.7916863957614261, 1.2907922805629692]], "11_ori": "SSP_2.JPG", "11_sn": "344054001450", "11_width": 2896, "11_height": 4344, "11_distortion": [0.6775323336746517, -0.9786477741480991, -0.0020058699068417124, 0.00014521945940774512, -35.63463227182886], "11_match_num": 419, "11_valid": true, "12_K": [[8518.674350278725, 0.0, 841.0849177765779], [0.0, 8518.674350278725, 1256.8419728257923], [0.0, 0.0, 1.0]], "12_Rt": [[-0.06411796277412392, 0.5865215278588639, -0.8073917167074479, 3.620991355596665], [-0.9977066680945091, -0.05525674649084814, 0.039090873704730966, -0.07297479880462031], [-0.02168620043827744, 0.8080465267083016, 0.5887193893402871, 1.8893467135550068]], "12_ori": "SSP_21.JPG", "12_sn": "351035018638", "12_width": 1728, "12_height": 2592, "12_distortion": [0.19707272025123, 12.768929772194184, 0.0016317866157215962, -0.004973392196017744, 370.23433777103725], "12_match_num": 605, "12_valid": true, "13_K": [[20726.3207919772, 0.0, 909.9211450758514], [0.0, 20726.3207919772, 1580.3920272422424], [0.0, 0.0, 1.0]], "13_Rt": [[0.04573274600213559, -0.5832661451451013, -0.8109926755961966, 3.6608814153145057], [-0.8634319443959294, -0.4313667549336213, 0.2615492308050267, -1.2837638755949103], [-0.5023880903641808, 0.6882756182414212, -0.5233382080400981, 9.621037984880136]], "13_ori": "SSP_22.JPG", "13_sn": "164032003849", "13_width": 1728, "13_height": 2592, "13_distortion": [-232.4083815145414, 114441.30472114863, -0.40098381628803564, 0.9497953149172781, -22273599.47128581], "13_match_num": 5, "13_valid": false, "14_K": [[9238.268729687417, 0.0, 889.2169071443823], [0.0, 9238.268729687417, 1298.2299700838034], [0.0, 0.0, 1.0]], "14_Rt": [[-0.05233239607416344, 0.26161523890713545, -0.9637524511474403, 4.303461570872738], [-0.9454603622023351, 0.2977231850578405, 0.13215751428974526, -0.5120432909211787], [0.32150586903720163, 0.9181058609172351, 0.23176627089388246, 3.6530983667254873]], "14_ori": "SSP_23.JPG", "14_sn": "361035014761", "14_width": 1728, "14_height": 2592, "14_distortion": [0.47973218362986036, 2.092325238601662, -0.0030283530328337116, 4.878197821212068e-05, 789.0455324517028], "14_match_num": 718, "14_valid": true, "15_K": [[9238.268729687417, 0.0, 889.2169071443823], [0.0, 9238.268729687417, 1298.2299700838034], [0.0, 0.0, 1.0]], "15_Rt": [[-0.028986069137812126, 0.57075771149105, -0.8206067526954903, 3.7018222650832993], [-0.9771620781810819, -0.18907023487271496, -0.09698824284420064, 0.49787489334095614], [-0.21050909899756637, 0.7990544919207176, 0.5632031943983964, 1.984040555378496]], "15_ori": "SSP_24.JPG", "15_sn": "351035021207", "15_width": 1728, "15_height": 2592, "15_distortion": [0.47973218362986036, 2.092325238601662, -0.0030283530328337116, 4.878197821212068e-05, 789.0455324517028], "15_match_num": 513, "15_valid": true, "16_K": [[9977.922499816746, 0.0, 887.0816720478548], [0.0, 9977.922499816746, 1285.5233800609315], [0.0, 0.0, 1.0]], "16_Rt": [[-0.007038454215823456, 0.4029217066145946, 0.9152073855149084, -4.25582395143603], [-0.9815200593484432, -0.1778072641688508, 0.07073153402420243, -0.2583332748774458], [0.19122979176603253, -0.8977965666828823, 0.3967272256772265, 3.2733125006970036]], "16_ori": "SSP_25.JPG", "16_sn": "184066128653", "16_width": 1728, "16_height": 2592, "16_distortion": [0.4588539872404365, 9.81537816563388, -0.0026302428016657803, -0.0012028742828689707, 513.4295993990632], "16_match_num": 768, "16_valid": true, "17_K": [[10873.470127963692, 0.0, 850.680051664279], [0.0, 10873.470127963692, 1280.3144900895418], [0.0, 0.0, 1.0]], "17_Rt": [[-0.04132175812607547, 0.9991410405692034, 0.0031134154331954713, -0.09586753552969778], [-0.976077255513477, -0.04103324094980157, 0.21351689489694742, -0.9670781973790815], [0.21346124607208838, 0.0057839594954555975, 0.9769344104073242, 0.5279140243524384]], "17_ori": "SSP_26.JPG", "17_sn": "361035004455", "17_width": 1728, "17_height": 2592, "17_distortion": [0.6069733113196464, 25.79134218056749, -0.0031306838028452395, 0.0014813902040200482, -817.5452614755008], "17_match_num": 1442, "17_valid": true, "18_K": [[8523.012711492545, 0.0, 810.4119420073358], [0.0, 8523.012711492545, 1347.2511754808756], [0.0, 0.0, 1.0]], "18_Rt": [[0.06325928320418689, -0.4395412642697317, 0.8959920424270846, -4.0766691528356045], [-0.6457073972729341, -0.7025796378775335, -0.29907157930316264, 1.577769332719187], [0.7609600647836301, -0.5596296359593906, -0.3282597300316531, 5.278050520617336]], "18_ori": "SSP_27.JPG", "18_sn": "351035014254", "18_width": 1728, "18_height": 2592, "18_distortion": [0.3211943096715245, 6.3970044903846786, -0.00527818374393748, -0.003622722309640009, -60.91978186897061], "18_match_num": 111, "18_valid": true, "19_K": [[11393.199225998073, 0.0, 829.7770377420583], [0.0, 11393.199225998073, 1321.4924685158005], [0.0, 0.0, 1.0]], "19_Rt": [[0.04097529663623836, 0.6447934102149386, 0.7632578091372286, -3.4931453974897053], [-0.8893917615493083, -0.32456233077242624, 0.32193413601509924, -1.3524483054855936], [0.45530574293961035, -0.6920265541053754, 0.5601749091661014, 2.830789819185402]], "19_ori": "SSP_28.JPG", "19_sn": "351035018533", "19_width": 1728, "19_height": 2592, "19_distortion": [0.9734433989506859, 13.173738382403242, 0.003576950849568345, 0.0024091933501861596, -746.1538897777908], "19_match_num": 1097, "19_valid": true, "20_K": [[11377.757600431925, 0.0, 900.9623478340243], [0.0, 11377.757600431925, 1139.9297923610127], [0.0, 0.0, 1.0]], "20_Rt": [[0.08998342193817085, 0.43060819070999856, 0.8980420757791688, -4.201780219975797], [-0.8967502537534849, -0.35726027980844766, 0.26115909875830484, -0.8464101677053157], [0.4332920102763926, -0.828819448712837, 0.35400050178776765, 3.9146838050703723]], "20_ori": "SSP_29.JPG", "20_sn": "374035007594", "20_width": 1728, "20_height": 2592, "20_distortion": [0.978005756619187, 19.17546511844233, -0.004115241000232464, -0.011907570866707287, -1104.8730761988732], "20_match_num": 827, "20_valid": true, "21_K": [[17690.997996745446, 0.0, 1414.959088035413], [0.0, 17690.997996745446, 2163.4473575251504], [0.0, 0.0, 1.0]], "21_Rt": [[0.00374759542255672, 0.9999864591059178, -0.003610697073632675, -0.03499489707963189], [-0.9271799268417326, 0.004827274342364924, 0.37458521151292534, -1.661520215910212], [0.3745975691195931, 0.0019439720245551207, 0.9271854626677768, 0.7073633214064913]], "21_ori": "SSP_3.JPG", "21_sn": "344054000892", "21_width": 2896, "21_height": 4344, "21_distortion": [0.6775323336746517, -0.9786477741480991, -0.0020058699068417124, 0.00014521945940774512, -35.63463227182886], "21_match_num": 821, "21_valid": true, "22_K": [[9977.922499816746, 0.0, 840.9183279521452], [0.0, 9977.922499816746, 1306.4766199390685], [0.0, 0.0, 1.0]], "22_Rt": [[0.032370046076247924, 0.5956460000535378, 0.8025945568823915, -3.698139241512318], [-0.9321580552642559, -0.2717286112333221, 0.23925911026159585, -1.0426004115625163], [0.36060163632876374, -0.7558898097324972, 0.5464403493699812, 2.6578668019730607]], "22_ori": "SSP_30.JPG", "22_sn": "051036007313", "22_width": 1728, "22_height": 2592, "22_distortion": [0.4588539872404365, 9.81537816563388, -0.0026302428016657803, -0.0012028742828689707, 513.4295993990632], "22_match_num": 940, "22_valid": true, "23_K": [[10149.500230278853, 0.0, 833.9465051341186], [0.0, 10149.500230278853, 1410.7497483346008], [0.0, 0.0, 1.0]], "23_Rt": [[0.01050483425216607, 0.953283808313612, 0.3018934071231619, -1.4085360393138375], [-0.89051098319467, -0.12840984843136283, 0.43646431656608153, -1.9561207956599524], [0.4548404525402251, -0.27342438009974734, 0.8475607772307967, 1.0432822208809056]], "23_ori": "SSP_31.JPG", "23_sn": "374035010415", "23_width": 1728, "23_height": 2592, "23_distortion": [0.640307400054544, 12.274100350554617, -0.0018426266484510658, -0.009020845105925776, -777.117661118534], "23_match_num": 778, "23_valid": true, "24_K": [[9196.306800490418, 0.0, 882.3148047350355], [0.0, 9196.306800490418, 1309.4945188503216], [0.0, 0.0, 1.0]], "24_Rt": [[0.05613793245023113, 0.8658382576244557, 0.4971646047075959, -2.3343076134593264], [-0.941851626281391, -0.11930991541916197, 0.3141347770524165, -1.3553560285702289], [0.3313065749593755, -0.485890168367831, 0.8087933590677957, 1.2261868061556789]], "24_ori": "SSP_32.JPG", "24_sn": "184066128633", "24_width": 1728, "24_height": 2592, "24_distortion": [0.7742134570954532, -4.972917454668362, -0.0027647653542601227, 0.0017318778679505983, 38.20407441486117], "24_match_num": 1260, "24_valid": true, "25_K": [[9977.922499816746, 0.0, 887.0816720478548], [0.0, 9977.922499816746, 1285.5233800609315], [0.0, 0.0, 1.0]], "25_Rt": [[-0.034147037909476, 0.7866052137906627, -0.6165113279083805, 2.6967723795496674], [-0.9819783790318974, 0.08832571414117932, 0.16708390507567678, -0.7934131319477151], [0.185882874186666, 0.6111062148749564, 0.7694132512670333, 1.1958055607784603]], "25_ori": "SSP_33.JPG", "25_sn": "351035018540", "25_width": 1728, "25_height": 2592, "25_distortion": [0.4588539872404365, 9.81537816563388, -0.0026302428016657803, -0.0012028742828689707, 513.4295993990632], "25_match_num": 777, "25_valid": true, "26_K": [[8135.957962308137, 0.0, 871.0609179717926], [0.0, 8135.957962308137, 1266.7556528497257], [0.0, 0.0, 1.0]], "26_Rt": [[-0.05006416374756937, 0.3556298715215926, -0.9332850443405767, 4.2186058040758745], [-0.9985145705918802, -0.03793818807594616, 0.03910685619206834, -0.14256865509195996], [-0.02149957729746188, 0.9338565673416073, 0.3570009521121488, 2.929584974551675]], "26_ori": "SSP_34.JPG", "26_sn": "361035014857", "26_width": 1728, "26_height": 2592, "26_distortion": [0.38995938640817474, 6.839604798289149, 0.0015973093219436747, 0.0038226911835312983, 336.2406489488475], "26_match_num": 446, "26_valid": true, "27_K": [[9770.867103816367, 0.0, 820.5614710159657], [0.0, 9770.867103816367, 1262.0527763583402], [0.0, 0.0, 1.0]], "27_Rt": [[-0.047073433166575, 0.6271526106521526, -0.7774726328573254, 3.524413544488614], [-0.9412603216485027, 0.2327024664675896, 0.24470097872721666, -1.071002351630447], [0.3343846569148612, 0.7433230556441055, 0.579359764022184, 1.7100580990646392]], "27_ori": "SSP_35.JPG", "27_sn": "184066128647", "27_width": 1728, "27_height": 2592, "27_distortion": [0.834537578685088, 21.212058192250097, -0.0029736219804138014, 0.007302991721971662, -991.2164822468296], "27_match_num": 404, "27_valid": true, "28_K": [[7049.191284698697, 0.0, 869.4527430628756], [0.0, 7049.191284698697, 1298.361737436226], [0.0, 0.0, 1.0]], "28_Rt": [[-0.015288667653875682, -0.216148223661774, -0.9762408524791558, 4.646260151393645], [-0.987082726510079, -0.1524648335894942, 0.04921550105359586, -0.09624706136234423], [-0.15948024224585938, 0.9643829218346763, -0.21102519377272122, 4.086234892254013]], "28_ori": "SSP_36.JPG", "28_sn": "064036011572", "28_width": 1728, "28_height": 2592, "28_distortion": [1.3836406238227377, -31.388732185371968, -0.0010521996762145017, 0.0018515152532257557, -208.09383555657809], "28_match_num": 54, "28_valid": false, "29_K": [[6292.134835748136, 0.0, 833.6892162081593], [0.0, 6292.134835748136, 1187.528709061669], [0.0, 0.0, 1.0]], "29_Rt": [[0.0842546417596699, -0.05198641615868438, 0.99508721621621, -4.566077307586828], [-0.6381578881861802, -0.7697815192850648, 0.01381746405576284, 0.25397994672415325], [0.7652814286833991, -0.6361869419456471, -0.09803320769077117, 4.611415037299339]], "29_ori": "SSP_37.JPG", "29_sn": "351035021518", "29_width": 1728, "29_height": 2592, "29_distortion": [1.606810411713622, -32.16918108793481, 0.004992944833265081, -0.022856877830469278, -59.78113885299274], "29_match_num": 137, "29_valid": true, "30_K": [[9238.268729687417, 0.0, 1298.2299700838034], [0.0, 9238.268729687417, 838.7830928556177], [0.0, 0.0, 1.0]], "30_Rt": [[0.027642288910645713, 0.5844004102705712, 0.810994490942675, -3.7763908133364907], [-0.9982706254224735, 0.05824612773401919, -0.00794651009034969, 0.11404468855335388], [-0.051881232468052374, -0.8093723179597758, 0.5849998193487035, 2.1734638843707934]], "30_ori": "SSP_38.JPG", "30_sn": "184066128635", "30_width": 2592, "30_height": 1728, "30_distortion": [0.47973218362986036, 2.092325238601662, -0.0030283530328337116, 4.878197821212068e-05, 789.0455324517028], "30_match_num": 595, "30_valid": true, "31_K": [[9977.922499816746, 0.0, 887.0816720478548], [0.0, 9977.922499816746, 1285.5233800609315], [0.0, 0.0, 1.0]], "31_Rt": [[0.0414812940855572, 0.39938928446905064, 0.9158425092188545, -4.196532254709858], [-0.9970289602818925, 0.07609091337782768, 0.011976028579475335, -0.11207281954821272], [-0.06490419555156665, -0.9136182859119162, 0.40135903259697103, 3.3397376688411127]], "31_ori": "SSP_39.JPG", "31_sn": "424035005846", "31_width": 1728, "31_height": 2592, "31_distortion": [0.4588539872404365, 9.81537816563388, -0.0026302428016657803, -0.0012028742828689707, 513.4295993990632], "31_match_num": 1058, "31_valid": true, "32_K": [[17690.997996745446, 0.0, 2180.5526424748496], [0.0, 17690.997996745446, 1414.959088035413], [0.0, 0.0, 1.0]], "32_Rt": [[0.026080196602624207, 0.9516170190785327, 0.3061778443082644, -1.4664422307112044], [-0.9954026347781932, 0.05295755147607724, -0.07980659382713402, 0.35886991024811365], [-0.09215974187137788, -0.3026888612779564, 0.9486232314446313, 0.06735543321368603]], "32_ori": "SSP_4.JPG", "32_sn": "344054001051", "32_width": 4344, "32_height": 2896, "32_distortion": [0.6775323336746517, -0.9786477741480991, -0.0020058699068417124, 0.00014521945940774512, -35.63463227182886], "32_match_num": 725, "32_valid": true, "33_K": [[10442.505045955486, 0.0, 882.0199996756957], [0.0, 10442.505045955486, 1298.1027660801126], [0.0, 0.0, 1.0]], "33_Rt": [[0.03530746074550628, 0.8034322541991759, 0.5943483794275335, -2.7222309986040365], [-0.9817316579205234, -0.08337802693778075, 0.1710294023277376, -0.8405113441627643], [0.18696613343684726, -0.5895292338267828, 0.7858110125286369, 1.4921045130076327]], "33_ori": "SSP_40.JPG", "33_sn": "351035021127", "33_width": 1728, "33_height": 2592, "33_distortion": [1.0341194007016958, -13.15758363402695, 0.002262729902509248, -0.001242818380247245, 752.4896667375345], "33_match_num": 1602, "33_valid": true, "34_K": [[8788.81872922432, 0.0, 883.760127729106], [0.0, 8788.81872922432, 1275.117588545526], [0.0, 0.0, 1.0]], "34_Rt": [[-0.013145810784541617, 0.8707691318047882, 0.49151633416881735, -2.4210550105630375], [-0.9997917002269017, -0.0037715346435973525, -0.020058207393317033, 0.0409344385143684], [-0.015612296955227388, -0.4916776328270055, 0.8706373306730049, 0.5965812926459093]], "34_ori": "SSP_41.JPG", "34_sn": "351035012642", "34_width": 1728, "34_height": 2592, "34_distortion": [0.42079361493031, 7.361777090876432, -0.0016727369665743691, -0.002141536166544558, -35.90826037353586], "34_match_num": 1273, "34_valid": true, "35_K": [[11927.61947812977, 0.0, 886.2116164984055], [0.0, 11927.61947812977, 1329.0483910933406], [0.0, 0.0, 1.0]], "35_Rt": [[-0.004689023486718929, 0.9948872548595064, -0.1008829181618807, 0.3470986258980078], [-0.9997546156757113, -0.006848168378899109, -0.02106682284932749, 0.1542081597853498], [-0.021649976763306204, 0.10075938024804425, 0.994675236345099, 0.5172645031855589]], "35_ori": "SSP_42.JPG", "35_sn": "361035001309", "35_width": 1728, "35_height": 2592, "35_distortion": [0.8341439939315273, 28.966997217748343, -0.0025426299129871267, 0.005313962358866681, -780.6294208394243], "35_match_num": 1537, "35_valid": true, "36_K": [[12249.824148087084, 0.0, 878.5583662212753], [0.0, 12249.824148087084, 1353.7609173265032], [0.0, 0.0, 1.0]], "36_Rt": [[-0.025531496351304327, 0.9523579249977625, -0.30391203560902197, 1.2698997727046506], [-0.9225765975332053, 0.09462560784492174, 0.37402996674602573, -1.6408526690339431], [0.38496826411811835, 0.2899316764928164, 0.8762072007167867, 1.2987058174087023]], "36_ori": "SSP_43.JPG", "36_sn": "184066128649", "36_width": 1728, "36_height": 2592, "36_distortion": [1.7221205995941933, -45.71868291336999, 0.0001768506416233904, -0.007656332107429223, 1140.674224984375], "36_match_num": 818, "36_valid": true, "37_K": [[7049.191284698697, 0.0, 869.4527430628756], [0.0, 7049.191284698697, 1298.361737436226], [0.0, 0.0, 1.0]], "37_Rt": [[0.057587341012913074, 0.9328728632231688, 0.3555726637649042, -1.7541852846866839], [-0.6362845699038259, -0.24015694387827746, 0.7331211280609427, -3.200000438719977], [0.7693020500800487, -0.2684638958386268, 0.5797426087271671, 1.1103562642567149]], "37_ori": "SSP_44.JPG", "37_sn": "174032019534", "37_width": 1728, "37_height": 2592, "37_distortion": [1.3836406238227377, -31.388732185371968, -0.0010521996762145017, 0.0018515152532257557, -208.09383555657809], "37_match_num": 235, "37_valid": true, "38_K": [[6292.134835748136, 0.0, 833.6892162081593], [0.0, 6292.134835748136, 1187.528709061669], [0.0, 0.0, 1.0]], "38_Rt": [[0.025119454823214427, 0.6760959020962254, -0.7363853231549877, 3.397481300943717], [-0.5891956129637392, 0.6050928972905836, 0.5354541206422552, -2.2106371741795625], [0.8075998654368808, 0.42042468626042706, 0.4135523431551965, 1.6248587664498517]], "38_ori": "SSP_45.JPG", "38_sn": "184066128651", "38_width": 1728, "38_height": 2592, "38_distortion": [1.606810411713622, -32.16918108793481, 0.004992944833265081, -0.022856877830469278, -59.78113885299274], "38_match_num": 69, "38_valid": false, "39_K": [[9977.922499816746, 0.0, 840.9183279521452], [0.0, 9977.922499816746, 1306.4766199390685], [0.0, 0.0, 1.0]], "39_Rt": [[-0.0030718992710660337, 0.9533407523992731, -0.3018807268602227, 1.377246628481456], [-0.9780762481157417, -0.06572392629449803, -0.1976036902091396, 0.8968259791137557], [-0.20822443734274476, 0.29465535007398624, 0.9326418435637949, 0.7771688469504535]], "39_ori": "SSP_46.JPG", "39_sn": "384035019986", "39_width": 1728, "39_height": 2592, "39_distortion": [0.4588539872404365, 9.81537816563388, -0.0026302428016657803, -0.0012028742828689707, 513.4295993990632], "39_match_num": 994, "39_valid": true, "40_K": [[8135.957962308137, 0.0, 871.0609179717926], [0.0, 8135.957962308137, 1266.7556528497257], [0.0, 0.0, 1.0]], "40_Rt": [[-0.028843616908644024, 0.36793706210345, -0.9294032300860104, 4.256185291898605], [-0.9701421071287923, 0.21369717413600708, 0.11470749645072066, -0.484245340119874], [0.24081598314757768, 0.904961787092122, 0.3507874372945795, 3.113447780967305]], "40_ori": "SSP_47.JPG", "40_sn": "074036002363", "40_width": 1728, "40_height": 2592, "40_distortion": [0.38995938640817474, 6.839604798289149, 0.0015973093219436747, 0.0038226911835312983, 336.2406489488475], "40_match_num": 852, "40_valid": true, "41_K": [[9177.596824992894, 0.0, 878.2877998262165], [0.0, 9177.596824992894, 1305.7690301923396], [0.0, 0.0, 1.0]], "41_Rt": [[0.07848532003864106, -0.5236505816630322, 0.8483101572316578, -3.877884998492811], [-0.9521003592956291, -0.2916378527497311, -0.09193622067858156, 0.4432568146088278], [0.2955418081550676, -0.8004607617912911, -0.5214571971551827, 7.490383720641358]], "41_ori": "SSP_48.JPG", "41_sn": "361035004896", "41_width": 1728, "41_height": 2592, "41_distortion": [0.2820456735938055, 16.381053108954177, 0.0017368366898727733, -0.0004696367906896431, 601.2080734224145], "41_match_num": 391, "41_valid": true, "42_K": [[9196.306800490418, 0.0, 845.6851952649645], [0.0, 9196.306800490418, 1282.5054811496784], [0.0, 0.0, 1.0]], "42_Rt": [[0.059213525768774054, -0.5595132324088454, 0.8267035146444196, -3.7266137338475707], [-0.9805463321627388, 0.12265592393086691, 0.15324625544157677, -0.5889677892516613], [-0.18714339114227446, -0.8196953501661887, -0.5413657581226383, 7.572343362753484]], "42_ori": "SSP_49.JPG", "42_sn": "361035004811", "42_width": 1728, "42_height": 2592, "42_distortion": [0.7742134570954532, -4.972917454668362, -0.0027647653542601227, 0.0017318778679505983, 38.20407441486117], "42_match_num": 561, "42_valid": true, "43_K": [[17690.997996745446, 0.0, 1414.959088035413], [0.0, 17690.997996745446, 2163.4473575251504], [0.0, 0.0, 1.0]], "43_Rt": [[0.09593034765440249, 0.7965076321413489, 0.5969698152666406, -2.782309761700181], [-0.9538926203430482, 0.24492137999064445, -0.17350039330950087, 0.43436770931399843], [-0.284405058418409, -0.5528011483020453, 0.7832781454770467, 1.2834034918720714]], "43_ori": "SSP_5.JPG", "43_sn": "344054000891", "43_width": 2896, "43_height": 4344, "43_distortion": [0.6775323336746517, -0.9786477741480991, -0.0020058699068417124, 0.00014521945940774512, -35.63463227182886], "43_match_num": 1471, "43_valid": true, "44_K": [[8788.81872922432, 0.0, 844.239872270894], [0.0, 8788.81872922432, 1316.882411454474], [0.0, 0.0, 1.0]], "44_Rt": [[0.12526236895363688, 0.8401000105959731, -0.5277701309479053, 2.3029373754596563], [-0.646466908317905, 0.47263950533935184, 0.5989093708086912, -2.8227892028999597], [0.7525887823865118, 0.26616511828039935, 0.6023008006277002, 0.8643906452954904]], "44_ori": "SSP_50.JPG", "44_sn": "361035001144", "44_width": 1728, "44_height": 2592, "44_distortion": [0.42079361493031, 7.361777090876432, -0.0016727369665743691, -0.002141536166544558, -35.90826037353586], "44_match_num": 152, "44_valid": true, "45_K": [[7848.730466248295, 0.0, 954.7558063047328], [0.0, 7848.730466248295, 1232.480432144371], [0.0, 0.0, 1.0]], "45_Rt": [[0.03829782968050588, 0.671878160302074, 0.7396708821840046, -3.46959311293992], [-0.6555051808083268, -0.541801358354746, 0.5260838773602503, -2.2893047741242305], [0.7542189563881339, -0.5050059660974835, 0.4196697988070402, 1.8754632040340797]], "45_ori": "SSP_51.JPG", "45_sn": "064037017484", "45_width": 1728, "45_height": 2592, "45_distortion": [-0.10249882760557129, 8.273244763820536, 0.003073557064319872, 0.0008804211802085149, -303.49831310509296], "45_match_num": 200, "45_valid": true, "46_K": [[9177.596824992894, 0.0, 849.7122001737835], [0.0, 9177.596824992894, 1286.2309698076604], [0.0, 0.0, 1.0]], "46_Rt": [[0.012811082720135545, -0.01731898082309047, 0.9997679376049161, -4.51867379115085], [-0.9997614451464201, 0.01746673774582118, 0.01311357583805196, -0.00564309367063124], [-0.01768979814128694, -0.9996974372157649, -0.017091081474043146, 5.4320196281685895]], "46_ori": "SSP_52.JPG", "46_sn": "331034002110", "46_width": 1728, "46_height": 2592, "46_distortion": [0.2820456735938055, 16.381053108954177, 0.0017368366898727733, -0.0004696367906896431, 601.2080734224145], "46_match_num": 561, "46_valid": true, "47_K": [[11990.875063950758, 0.0, 857.2705810236622], [0.0, 11990.875063950758, 1196.255283311994], [0.0, 0.0, 1.0]], "47_Rt": [[0.017499240961812934, -0.02502399244442466, 0.9995336794565264, -4.531563269827001], [-0.9231652190424021, -0.38434777096427064, 0.006539824553486423, 0.14490916203719367], [0.3840048891826173, -0.9228491701014516, -0.02982707372351215, 5.973848426252234]], "47_ori": "SSP_53.JPG", "47_sn": "351035018518", "47_width": 1728, "47_height": 2592, "47_distortion": [1.0793988816448432, 23.956467246649506, 0.002668795739675322, 0.011574098673322042, 367.5506796845511], "47_match_num": 1173, "47_valid": true, "48_K": [[10097.201614073414, 0.0, 1282.574401337295], [0.0, 10097.201614073414, 847.6375414299769], [0.0, 0.0, 1.0]], "48_Rt": [[0.08624185620740943, -0.4402621007112648, 0.8937178665077722, -4.169090105888441], [-0.9915771145421317, 0.0490748746462103, 0.11986026278445411, -0.4869092982022224], [-0.09662902335323564, -0.8965271548345664, -0.4323215151828986, 6.919432745422267]], "48_ori": "SSP_54.JPG", "48_sn": "361035001964", "48_width": 2592, "48_height": 1728, "48_distortion": [0.19447039054946214, 55.95728480928194, -0.001838972667506704, -0.001955578600302316, 298.461487424791], "48_match_num": 697, "48_valid": true, "49_K": [[8523.012711492545, 0.0, 810.4119420073358], [0.0, 8523.012711492545, 1347.2511754808756], [0.0, 0.0, 1.0]], "49_Rt": [[0.01944434556509503, -0.7933727732011535, 0.6084254762652992, -2.725744614341053], [-0.9982508113339278, 0.018577129201246056, 0.05612671326378141, -0.1424918815371582], [-0.05583220483466235, -0.6084525725262004, -0.7916237944185035, 8.365834789423301]], "49_ori": "SSP_55.JPG", "49_sn": "361035004555", "49_width": 1728, "49_height": 2592, "49_distortion": [0.3211943096715245, 6.3970044903846786, -0.00527818374393748, -0.003622722309640009, -60.91978186897061], "49_match_num": 246, "49_valid": true, "50_K": [[12249.824148087084, 0.0, 849.4416337787247], [0.0, 12249.824148087084, 1238.2390826734968], [0.0, 0.0, 1.0]], "50_Rt": [[0.01067090290221917, 0.03155385949691025, 0.9994450889279013, -4.523092685922805], [-0.8954285320175809, -0.44457952888776187, 0.023596324772640426, 0.01906585407304763], [0.445077381901273, -0.8951834429013893, 0.02351016110373161, 5.777147609718723]], "50_ori": "SSP_56.JPG", "50_sn": "184032044694", "50_width": 1728, "50_height": 2592, "50_distortion": [1.7221205995941933, -45.71868291336999, 0.0001768506416233904, -0.007656332107429223, 1140.674224984375], "50_match_num": 1088, "50_valid": true, "51_K": [[7049.191284698697, 0.0, 869.4527430628756], [0.0, 7049.191284698697, 1298.361737436226], [0.0, 0.0, 1.0]], "51_Rt": [[-0.047356701342198694, -0.9974800677251847, 0.0528285654636371, -0.37397731044760507], [-0.9894775753941119, 0.054084156214744376, 0.1341977341043017, -0.3913396316847183], [-0.13671675329006144, -0.045917518851731544, -0.9895454061498772, 7.813815392047755]], "51_ori": "SSP_57.JPG", "51_sn": "351035018481", "51_width": 1728, "51_height": 2592, "51_distortion": [1.3836406238227377, -31.388732185371968, -0.0010521996762145017, 0.0018515152532257557, -208.09383555657809], "51_match_num": 16, "51_valid": false, "52_K": [[9977.922499816746, 0.0, 840.9183279521452], [0.0, 9977.922499816746, 1306.4766199390685], [0.0, 0.0, 1.0]], "52_Rt": [[0.024794781616576292, -0.797493358638856, 0.6028180170926407, -2.668581214889926], [-0.9588512022713183, -0.18956814384533494, -0.21134874199266246, 0.9871713223698114], [0.2828243106726027, -0.5727724345374448, -0.7693777664623638, 8.836386814642752]], "52_ori": "SSP_58.JPG", "52_sn": "361035013716", "52_width": 1728, "52_height": 2592, "52_distortion": [0.4588539872404365, 9.81537816563388, -0.0026302428016657803, -0.0012028742828689707, 513.4295993990632], "52_match_num": 261, "52_valid": true, "53_K": [[17690.997996745446, 0.0, 1414.959088035413], [0.0, 17690.997996745446, 2163.4473575251504], [0.0, 0.0, 1.0]], "53_Rt": [[0.03088840716371337, -0.28930309535781246, 0.9567390581131707, -4.364678348227242], [-0.9771204211194406, 0.19278070132155456, 0.0898403240718586, -0.26484456590823646], [-0.21043191044671827, -0.9376242958746099, -0.276729273571457, 6.395644478448279]], "53_ori": "SSP_6.JPG", "53_sn": "344054000895", "53_width": 2896, "53_height": 4344, "53_distortion": [0.6775323336746517, -0.9786477741480991, -0.0020058699068417124, 0.00014521945940774512, -35.63463227182886], "53_match_num": 376, "53_valid": true, "54_K": [[17690.997996745446, 0.0, 1414.959088035413], [0.0, 17690.997996745446, 2163.4473575251504], [0.0, 0.0, 1.0]], "54_Rt": [[0.02190892424517861, 0.8052689241533583, 0.5925048175595806, -2.748946212766293], [-0.9289365008062109, -0.20269248248109628, 0.3098269436565564, -1.3247776671701148], [0.3695902819451987, -0.557187326972306, 0.7436029223672572, 1.6262157004102435]], "54_ori": "SSP_7.JPG", "54_sn": "344054000896", "54_width": 2896, "54_height": 4344, "54_distortion": [0.6775323336746517, -0.9786477741480991, -0.0020058699068417124, 0.00014521945940774512, -35.63463227182886], "54_match_num": 807, "54_valid": true, "55_K": [[17690.997996745446, 0.0, 1414.959088035413], [0.0, 17690.997996745446, 2163.4473575251504], [0.0, 0.0, 1.0]], "55_Rt": [[0.04856558395961974, -0.3125026068949325, 0.9486746042445388, -4.200485094483502], [-0.9407493703703858, -0.3334458671971759, -0.0616804328522883, 0.4212512856741525], [0.3356069221610058, -0.8894694903890715, -0.3101806239348647, 6.660103136752902]], "55_ori": "SSP_8.JPG", "55_sn": "344054000893", "55_width": 2896, "55_height": 4344, "55_distortion": [0.6775323336746517, -0.9786477741480991, -0.0020058699068417124, 0.00014521945940774512, -35.63463227182886], "55_match_num": 201, "55_valid": true, "56_K": [[17690.997996745446, 0.0, 1414.959088035413], [0.0, 17690.997996745446, 2163.4473575251504], [0.0, 0.0, 1.0]], "56_Rt": [[0.008396725584182023, 0.9559327466285639, 0.29346563499434436, -1.3754851229519185], [-0.9721155096600305, 0.07658258675949547, -0.22164508405025285, 1.102404289102904], [-0.23435215142576193, -0.2834214023823786, 0.9299200921550854, 0.3386594004320642]], "56_ori": "SSP_9.JPG", "56_sn": "344054001049", "56_width": 2896, "56_height": 4344, "56_distortion": [0.6775323336746517, -0.9786477741480991, -0.0020058699068417124, 0.00014521945940774512, -35.63463227182886], "56_match_num": 1129, "56_valid": true}